Title = Jupiter Capture Orbit
Planet = Jupiter
Coordinates = PEI
Columns = JDCT, X, Y, Z
Format = CSV
$$BEGIN
2462502.5,145843.68,0.0,0.0
2462502.5416666665,112175.14051120364,127908.66711332499,22553.73574611144
2462502.5833333335,39866.55169942677,218718.1600323431,38565.84195929257
2462502.625,-39954.0122327379,278080.6051137638,49032.92190579629
2462502.6666666665,-117440.92291360097,317343.3498099445,55955.80658038884
2462502.7083333335,-190280.522247384,343460.03270991525,60560.60419504745
2462502.75,-258173.62746990626,360461.5783892433,63558.07508284682
2462502.7916666665,-321357.3635495158,370809.228845543,65382.205704297376
2462502.8333333335,-380190.7050687953,376097.80301828985,66314.21066877765
2462502.875,-435032.0345656933,377415.4358280081,66545.96335934344
2462502.9166666665,-486204.67156230414,375536.97394785885,66214.09613096114
2462502.9583333335,-533990.491657068,371033.98993696785,65419.39829049916
2462503.0,-578632.4339451,364340.6867685369,64238.43647471398
2462503.0416666665,-620339.39303522,355795.19763417396,62730.8366155405
2462503.0833333335,-659291.2749519715,345666.4907045722,60944.0277275086
2462503.125,-695643.5146842056,334172.49225882225,58916.437340199576
2462503.1666666665,-729530.900304415,321492.6534700323,56679.707344444556
2462503.2083333335,-761070.7387243684,307776.8876138892,54260.270098853536
2462503.25,-790365.4544419227,293152.06907910283,51680.495012226485
2462503.2916666665,-817504.719511961,277726.8538541544,48959.53969171786
2462503.3333333335,-842567.2029262619,261595.3197011368,46113.99352087969
2462503.375,-865622.012768632,244839.76146499882,43158.37251269973
2462503.4166666665,-886729.88912669,227532.87266224742,40105.50543436
2462503.4583333335,-905944.191689285,209739.47481758942,36966.83868899644
2462503.5,-923311.715368229,191517.90718493087,33752.67932702424
2462503.5416666665,-938873.361714603,172921.15527948766,30472.39065669004
2462503.5833333335,-952664.691781263,153997.77486971556,27134.55189706775
2462503.625,-964716.3835403115,134792.6556376455,23747.090869246636
2462503.6666666665,-975054.6122023689,115347.66068376487,20317.396379188547
2462503.7083333335,-983701.3663688055,95702.17103723828,16852.41499008018
2462503.75,-990674.7087853112,75893.55795192078,13358.735568023943
2462503.7916666665,-995988.9877554221,55957.60072990966,9842.664211114567
2462503.8333333335,-999655.0032550213,35928.86414609262,6310.291702004526
2462503.875,-1001680.1301397281,15841.046610950147,2767.5553094270845
2462503.9166666665,-1002068.4000046893,-4272.692321726214,-779.703436330338
2462503.9583333335,-1000820.5434667972,-24379.41810143581,-4325.683475020636
2462504.0,-997933.9950216439,-44446.11414786944,-7864.56999602233
2462504.0416666665,-993402.8620864204,-64439.374035950976,-11390.479856132617
2462504.0833333335,-987217.858366894,-84325.08453848994,-14897.405245578202
2462504.125,-979366.2000363072,-104068.09068976586,-18379.154161582148
2462504.1666666665,-969831.4618490094,-123631.83346115376,-21829.286106303407
2462504.2083333335,-958593.3891637389,-142977.94956024,-25241.041186617116
2462504.25,-945627.6606702603,-162065.8210673961,-28607.260447555902
2462504.2916666665,-930905.5952034481,-180852.05998040905,-31920.294794740243
2462504.3333333335,-914393.7942693181,-199289.90906111518,-35171.89921174648
2462504.375,-896053.7096982243,-217328.5353485991,-38353.108093406336
2462504.4166666665,-875841.1230640615,-234912.18582135843,-41454.086304424934
2462504.4583333335,-853705.5200095765,-251979.16520498207,-44463.948901128446
2462504.5,-829589.3381929266,-268460.58270982985,-47370.54012456414
2462504.5416666665,-803427.0619604996,-284278.795848747,-50160.15898658063
2462504.5833333335,-775144.1297424197,-299345.45282272395,-52817.214067573936
2462504.625,-744655.6112135472,-313558.9961946209,-55323.78330612768
2462504.6666666665,-711864.6001586395,-326801.43317970156,-57659.0444372042
2462504.7083333335,-676660.255666943,-338934.0912078544,-59798.526446779186
2462504.75,-638915.4094691409,-349791.9435811206,-61713.1088039273
2462504.7916666665,-598483.6436857071,-359175.87824291066,-63367.6578703093
2462504.8333333335,-555195.7389758386,-366841.9381050407,-64719.12910803238
2462504.875,-508855.419214848,-372485.98329320585,-65713.8617386777
2462504.9166666665,-459234.4301266802,-375721.22171343816,-66283.61542012732
2462504.9583333335,-406067.32891314087,-376044.2417735881,-66339.57879557251
2462505.0,-349047.3165794561,-372781.76336040406,-65762.97693491295
2462505.0416666665,-287827.1133885926,-365003.5622473827,-64389.71218689554
2462505.0833333335,-222036.60450988717,-351372.9525363137,-61983.991224471596
2462505.125,-151352.8573499384,-329875.5320832112,-58190.48002850283
2462505.1666666665,-75738.911198693,-297298.94207918044,-52442.5440801162
2462505.2083333335,3727.604762059912,-248206.9496757924,-43781.306000256795
2462505.25,81780.6369734482,-173230.96433964616,-30554.359396213375
2462505.2916666665,138518.9688094729,-60844.121607025445,-10728.95725809685
2462505.3333333335,134873.95870724818,73431.25230030516,12955.9364344364
2462505.375,73941.50159189195,181244.73630535824,31971.793550528946
2462505.4166666665,-5338.635204094663,251916.51526146065,44435.714181840405
2462505.4583333335,-85020.63901202541,297436.1135973939,52462.95446055027
2462505.5,-160429.30789700217,326833.4826799563,57646.41924781517
2462505.5416666665,-230646.1205810044,345350.5935909592,60910.78219707199
2462505.5833333335,-295758.4697328766,356108.6441222006,62806.620587216305
2462505.625,-356109.1734903606,361078.9318896778,63681.66710498679
2462505.6666666665,-412078.2406238638,361577.3048902932,63768.02554364263
2462505.7083333335,-464018.94198097585,358523.961200518,63228.00191768426
2462505.75,-512242.17962766526,352587.6896092749,62179.55190341536
2462505.7916666665,-557016.356035058,344270.388815396,60711.19213037872
2462505.8333333335,-598571.8523152958,333959.0175748741,58891.16521550949
2462505.875,-637106.3868092785,321958.87533908145,56773.31091246044
2462505.9166666665,-672790.0175109353,308515.6979599651,54400.963964488845
2462505.9583333335,-705769.4469042745,293830.78882244736,51809.62328455064
2462506.0,-736171.605971543,278071.664795752,49028.829894425566
2462506.0416666665,-764106.5972754708,261379.72743087081,46083.52008914212
2462506.0833333335,-789670.0998860726,243875.90959041502,42995.02144871595
2462506.125,-812945.3332482373,225664.9125828478,39781.80019783641
2462506.1666666665,-834004.6628956224,206838.44225783917,36460.031964755515
2462506.2083333335,-852910.9157630006,187477.72163931144,33044.04490301421
2462506.25,-869718.4593216528,167655.47273942488,29546.669157898545
2462506.2916666665,-884474.0874955961,147437.50387891597,25979.516725819554
2462506.3333333335,-897217.7472180694,126884.00077479711,22353.20904102885
2462506.375,-907983.1322355429,106050.59349600963,18677.565010057016
2462506.4166666665,-916798.1650036303,84989.2531535551,14961.758998298254
2462506.4583333335,-923685.3829234197,63749.05934279472,11214.456007001583
2462506.5,-928662.2414686797,42376.87024110018,7443.929671360064
2462506.5416666665,-931741.3437363291,20917.920797103085,3658.1675697317087
2462506.5833333335,-932930.6034399437,-583.6300924838595,-135.03246686340543
2462506.625,-932233.3462181997,-22084.185613450405,-3927.971901120772
2462506.6666666665,-929648.3522312207,-43540.21441830052,-7712.964092145324
2462506.7083333335,-925169.8412692423,-64907.756510317,-11482.247331400784
2462506.75,-918787.3999116394,-86141.91691688134,-15227.89571417562
2462506.7916666665,-910485.8485664357,-107196.33174139204,-18941.725125310135
2462506.8333333335,-900245.0444057961,-128022.58957440013,-22615.191333933733
2462506.875,-888039.6141995891,-148569.58857363,-26239.276720203452
2462506.9166666665,-873838.608731681,-168782.80552553423,-29804.361450604196
2462506.9583333335,-857605.0677370226,-188603.44746477614,-33300.073903589924
2462507.0,-839295.4809710098,-207967.44832461316,-36715.113711865364
2462507.0416666665,-818859.1269317052,-226804.26167369337,-40037.038760848074
2462507.0833333335,-796237.2656831285,-245035.38442661634,-43252.00460357039
2462507.125,-771362.1559359368,-262572.5232936238,-46344.440613676416
2462507.1666666665,-744155.8588254206,-279315.28223363525,-49296.641152421886
2462507.2083333335,-714528.7816748774,-295148.1999054946,-52088.241014678206
2462507.25,-682377.9050566138,-309936.892587724,-54695.53068187581
2462507.2916666665,-647584.6278561688,-323522.9473414538,-57090.54558241933
2462507.3333333335,-610012.1623953681,-335717.04517670296,-59239.83093205944
2462507.375,-569502.4120768066,-346289.5579303499,-61102.74085535766
2462507.4166666665,-525872.193773488,-354957.50123866665,-62629.09966471625
2462507.4583333335,-478908.4298520644,-361365.80634540675,-63755.99168833573
2462507.5,-428362.40837757173,-365058.7338173172,-64402.9410427088
2462507.5416666665,-373944.97978864255,-365435.1430559313,-64463.95677054112
2462507.5833333335,-315325.40423820174,-361677.5028432369,-63794.417620423636
2462507.625,-252140.95863495537,-352633.1327455477,-62187.43710551477
2462507.6666666665,-184043.31426807045,-336614.97835037863,-59330.33389606632
2462507.7083333335,-110831.97791308638,-311025.6881193518,-54766.583640500474
2462507.75,-32923.24235873495,-271576.7099326743,-47757.43187060469
2462507.7916666665,46943.400909997705,-210888.72889286932,-37012.65655223718
2462507.8333333335,117495.35283562836,-117346.58362050104,-20503.33494344151
2462507.875,145386.31244319413,11865.430342883095,2231.4976872611755
2462507.9166666665,105594.47966074896,135992.50634661957,24004.60655718874
2462507.9583333335,30301.39400893043,221508.49937567397,38956.719834869036
2462508.0,-50934.70867631112,275657.93808959314,48390.68569049189
2462508.0416666665,-129000.08243375963,309739.7258479983,54301.263835416845
2462508.0833333335,-201795.99596889902,330643.51249120344,57901.30532545011
2462508.125,-269110.50134070567,342390.4061391413,59897.667388072165
2462508.1666666665,-331230.2750201232,347451.63816567673,60724.342823955114
2462508.2083333335,-388548.2300056355,347436.8842684716,60663.81513513426
2462508.25,-441447.96331961965,343449.1364587118,59909.53714348887
2462508.2916666665,-490272.12426734733,336276.7836086963,58599.71738982203
2462508.3333333335,-535317.52330218,326503.47574247286,56836.63155293862
2462508.375,-576838.5608616262,314574.22869278694,54698.23551092485
2462508.4166666665,-615052.7459932909,300837.0001229395,52245.46582868282
2462508.4583333335,-650146.2004528971,285569.8595069032,49527.00866005509
2462508.5,-682278.5049530844,268999.3431289447,46582.52024497186
2462508.5416666665,-711586.7664774111,251313.21887904283,43444.86582332798
2462508.5833333335,-738188.963021449,232669.59366749047,40141.716570637596
2462508.625,-762186.6709951612,213203.5620557103,36696.71508394413
2462508.6666666665,-783667.2826079424,193032.16225267597,33130.343949369555
2462508.7083333335,-802705.8073647515,172258.14269274694,29460.585730271574
2462508.75,-819366.3353399656,150972.8779607063,25703.433832982362
2462508.7916666665,-833703.2244689025,129258.66736498693,21873.295190409663
2462508.8333333335,-845762.0609662628,107190.58031426625,17983.31356854539
2462508.875,-855580.431248682,84837.96644450338,14045.634196482775
2462508.9166666665,-863188.5351165466,62265.71707025078,10071.62492448754
2462508.9583333335,-868609.6630678461,39535.34298195036,6072.065346955876
2462509.0,-871860.5551403235,16705.918735642474,2057.312732547199
2462509.0416666665,-872951.6543336788,-6165.066566366278,-1962.5481739221873
2462509.0833333335,-871887.2641623161,-29020.91854307353,-5977.565605617834
2462509.125,-868665.6167134608,-51804.97687323299,-9977.786365052998
2462509.1666666665,-863278.8538021042,-74459.85566065153,-13953.121820124154
2462509.2083333335,-855712.9186654113,-96926.65539976864,-17893.209588466798
2462509.25,-845947.3502635403,-119144.11705448192,-21787.265807874886
2462509.2916666665,-833954.9696327524,-141047.68834842346,-25623.922134563032
2462509.3333333335,-819701.4481579928,-162568.4676190092,-29391.040541155784
2462509.375,-803144.7466485085,-183631.97906453037,-33075.49747143253
2462509.4166666665,-784234.4085118702,-204156.71663245384,-36662.9266012866
2462509.4583333335,-762910.6817376785,-224052.3731117367,-40137.405966849576
2462509.5,-739103.4352060823,-243217.64294454284,-43481.070105490275
2462509.5416666665,-712730.825220728,-261537.4459201264,-46673.62038240364
2462509.5833333335,-683697.6572524295,-278879.356437058,-49691.69558810585
2462509.625,-651893.3753363154,-295088.9276563255,-52508.048098724335
2462509.6666666665,-617189.5985208487,-309983.4518952181,-55090.44488246218
2462509.7083333335,-579437.114275133,-323343.4637058832,-57400.171359914224
2462509.75,-538462.2436783938,-334900.9089012226,-59389.94880641755
2462509.7916666665,-494062.54012539587,-344322.258178128,-61000.96276349618
2462509.8333333335,-446001.9420231178,-351183.72138067434,-62158.50281904408
2462509.875,-394005.9509911593,-354933.6860974476,-62765.35743551196
2462509.9166666665,-337758.6349210928,-354833.6627107559,-62691.433676133456
2462509.9583333335,-276906.63369808387,-349861.4067203447,-61756.73757136683
2462510.0,-211085.05638886552,-338544.06177278823,-59702.07933333821
2462510.0416666665,-140010.10139509264,-318654.90984231455,-56135.87782906099
2462510.0833333335,-63784.578615848215,-286633.57746488496,-50432.582771642745
2462510.125,16056.86924207276,-236467.83305977553,-41537.22640492429
2462510.1666666665,92746.53812970957,-158074.1581003065,-27684.659625804776
2462510.2083333335,142622.7872835974,-41383.075142669826,-7129.1362989786085
2462510.25,128082.69376689078,90596.36333608773,16048.366729951113
2462510.2916666665,61159.92168415386,190950.7430656852,33615.96861707424
2462510.3333333335,-20244.981379109384,254567.36702302474,44713.14971157907
2462510.375,-100540.3540004033,293741.5170378541,51516.12306614549
2462510.4166666665,-175753.63920233084,317148.52264575503,55553.3645605911
2462510.4583333335,-245178.20509428304,329847.88872410695,57714.676632693896
2462510.5,-308984.63789387885,334884.25385723065,58534.90748475098
2462510.5416666665,-367558.4000313182,334198.78837927006,58354.774380314215
2462510.5833333335,-421305.85329660407,329097.4247513889,57403.342989722
2462510.625,-470598.27669598407,320499.5854807733,55841.79636911228
2462510.6666666665,-515759.36627040186,309077.59871241957,53787.95133721729
2462510.7083333335,-557066.5957676682,295339.03731522796,51330.73195126551
2462510.75,-594756.5404692551,279677.67018330575,48539.12375701124
2462510.7916666665,-629030.763385141,262406.3133376386,45467.94171143959
2462510.8333333335,-660061.133397884,243778.78006245816,42161.672131737774
2462510.875,-687994.2947286402,224004.98581770508,38657.106542368245
2462510.9166666665,-712955.3362727681,203261.60569657417,34985.20049870725
2462510.9583333335,-735050.7923090867,181699.78183621,31172.42437533011
2462511.0,-754371.088621011,159450.83895653742,27241.769838221313
2462511.0416666665,-770992.5239215785,136630.62350140212,23213.5153368751
2462511.0833333335,-784978.8634344753,113342.87003870642,19105.819709735162
2462511.125,-796382.6105279418,89681.8694687205,14935.192074380437
2462511.1666666665,-805246.0103800447,65734.63232505697,10716.87234364989
2462511.2083333335,-811601.8280706868,41582.68724903506,6465.147312138807
2462511.25,-815473.9333277313,17303.61911941429,2193.6208756555225
2462511.2916666665,-816877.7155967653,-7027.572547888175,-2084.5473412708266
2462511.3333333335,-815820.3459126528,-31337.22999002586,-6356.423482760377
2462511.375,-812300.8958629468,-55551.853097353545,-10609.091341206104
2462511.4166666665,-806310.3183867569,-79596.92447571977,-14829.445754871385
2462511.4583333335,-797831.2899143521,-103395.69416720133,-19003.9788107029
2462511.5,-786837.9081110161,-126867.87138737793,-23118.549586640496
2462511.5416666665,-773295.2339387679,-149928.16310440173,-27158.126839594723
2462511.5833333335,-757158.6605795366,-172484.58634354014,-31106.49176455145
2462511.625,-738373.0846468684,-194436.46092953428,-34945.8843970976
2462511.6666666665,-716871.8467199259,-215671.95896348375,-38656.57187609502
2462511.7083333335,-692575.3982801493,-236065.04177895043,-42216.308765156005
2462511.75,-665389.640526428,-255471.54646148894,-45599.64754957293
2462511.7916666665,-635203.8677529339,-273724.07905153156,-48777.03896034115
2462511.8333333335,-601888.2358848978,-290625.20795411547,-51713.63300576537
2462511.875,-565290.6707748623,-305938.19005033147,-54367.64569881688
2462511.9166666665,-525233.1448767482,-319374.0340459995,-56688.08125224032
2462511.9583333335,-481507.31978176115,-330572.9819240993,-58611.47237165246
2462512.0,-433869.76346096006,-339077.2222513134,-60057.07875103165
2462512.0416666665,-382037.5310391406,-344289.3420362745,-60919.57892273796
2462512.0833333335,-325686.4551621884,-345406.6375650615,-61057.52117404075
2462512.125,-264458.76253251045,-341312.66728539823,-60274.26775180065
2462512.1666666665,-197998.94855085443,-330389.2012443247,-58284.97500739617
2462512.2083333335,-126075.11867538541,-310172.4260108942,-54656.28424305135
2462512.25,-48973.90868842246,-276695.36283900694,-48691.13699918977
2462512.2916666665,31148.870671383545,-223252.35088664238,-39212.99091116875
2462512.3333333335,105425.52375858685,-139002.1457539914,-24325.304311944583
2462512.375,145526.62723228245,-16761.789584349423,-2794.906419395495
2462512.4166666665,118265.16410854248,111498.7846380321,19723.61745452616
2462512.4583333335,45955.69365000133,203493.172554385,35819.96757063408
2462512.5,-36471.5979098421,260397.01408233205,45737.17272845017
2462512.5416666665,-116392.61237197858,294369.1068556832,51625.74856210483
2462512.5833333335,-190696.0877812688,313423.3037275322,54897.67871118739
2462512.625,-258913.92243889943,322252.2964364552,56378.39888912041
2462512.6666666665,-321288.51687710005,323714.55731025146,56570.183900594086
2462512.7083333335,-378228.1500637252,319653.7941963879,55796.74248239678
2462512.75,-430146.13870145835,311322.76292373467,54277.87913543612
2462512.7916666665,-477415.112697506,299611.03351558925,52169.584782334474
2462512.8333333335,-520357.9010421628,285174.1040550298,49586.74851833014
2462512.875,-559250.015220195,268510.4196414279,46616.69770571096
2462512.9166666665,-594325.2964725968,250009.44222455917,43327.6442357194
2462512.9583333335,-625781.8503078637,229982.8620825874,39774.16605172074
2462513.0,-653787.352212229,208685.5775302621,36000.89021016613
2462513.0416666665,-678483.5125674097,186330.2372107793,32045.044938086026
2462513.0833333335,-699989.7331425267,163097.60457532716,27938.27798133036
2462513.125,-718406.0600691813,139144.13840526674,23707.986213965283
2462513.1666666665,-733815.5473748092,114607.67709922082,19378.31246866149
2462513.2083333335,-746286.1327078,89611.80913093477,14970.911876139839
2462513.25,-755872.108867536,64269.322896154954,10505.55675720329
2462513.2916666665,-762615.2570091398,38685.009367854924,6000.628067338983
2462513.3333333335,-766545.6917395135,12958.013990301795,1473.5278753806297
2462513.375,-767682.4549987697,-12816.115419450827,-3058.9613586322257
2462513.4166666665,-766033.884298704,-38543.56948489383,-7580.35046507428
2462513.4583333335,-761597.7710640528,-64130.51023778112,-12074.133244303766
2462513.5,-754361.3159648812,-89481.3086596493,-16523.47675167975
2462513.5416666665,-744300.8797322873,-114496.69987055013,-20910.89690144045
2462513.5833333335,-731381.5195345021,-139071.76148287387,-25217.9027655962
2462513.625,-715556.2921020671,-163093.60372267553,-29424.589960824334
2462513.6666666665,-696765.295014179,-186438.63096593917,-33509.158415754755
2462513.7083333335,-674934.4065782529,-208969.1884964468,-37447.32174068426
2462513.75,-649973.672505588,-230529.33732613153,-41211.56293315451
2462513.7916666665,-621775.2747533121,-250939.38994121779,-44770.171805404345
2462513.8333333335,-590211.0068080069,-269988.66715210944,-48085.9691503002
2462513.875,-555129.1767475435,-287425.6594763183,-51114.57400769861
2462513.9166666665,-516350.8808505452,-302944.321399275,-53801.990413864645
2462513.9583333335,-473665.6764662547,-316164.45555235876,-56081.15451571623
2462514.0,-426826.93357843504,-326602.79068265605,-57866.84531769046
2462514.0416666665,-375547.81773308926,-333628.88940489764,-59047.92920024298
2462514.0833333335,-319500.645426014,-336395.3236965253,-59475.08435018696
2462514.125,-258327.23257025157,-333722.19447490043,-58940.51067278807
2462514.1666666665,-191681.90295823227,-323896.57874376443,-57142.71885388556
2462514.2083333335,-119372.48417799672,-304305.81755883846,-53622.21299821707
2462514.25,-41813.93863202846,-270739.42981733364,-47639.25001541057
2462514.2916666665,38430.563375483514,-216110.18515859704,-37950.641321017436
2462514.3333333335,111229.4245840599,-129306.70189390189,-22613.78630301817
2462514.375,146115.6718567937,-5217.689513944298,-762.4254272866473
2462514.4166666665,113087.51037852827,120347.33175557587,21276.461487754226
2462514.4583333335,38412.070604332446,208007.88255633647,36607.75330177969
2462514.5,-44636.53281339492,261160.66633086494,45863.82990340946
2462514.5416666665,-124504.77873033419,291826.8790428291,51170.21276574823
2462514.5833333335,-198375.28035489513,307800.0382615853,53899.95585499768
2462514.625,-265865.8776633624,313667.54372049257,54859.90750325519
2462514.6666666665,-327250.3760424645,312242.57020010106,54544.31724992889
2462514.7083333335,-382951.57199008914,305350.2961397797,53273.58981453575
2462514.75,-433390.73713868187,294237.203750199,51266.39882999725
2462514.7916666665,-478945.1557610105,279792.5412937034,48678.664725449264
2462514.8333333335,-519940.19295710267,262674.58630251413,45625.76017742411
2462514.875,-556652.2628448546,243386.333313963,42195.8128693347
2462514.9166666665,-589314.6956861025,222322.94066996628,38458.04041472092
2462514.9583333335,-618123.7763075057,199802.6684499066,34468.182822336305
2462515.0,-643244.0929186398,176087.768259275,30272.169207343162
2462515.0416666665,-664813.0058536979,151399.04030534148,25908.672122371736
2462515.0833333335,-682944.2770607575,125926.27982472078,21410.940104306144
2462515.125,-697730.9680772931,99835.99009276947,16808.15044057593
2462515.1666666665,-709247.7205497593,73277.24457589412,12126.437189971242
2462515.2083333335,-717552.5190969313,46386.282599985585,7389.697087323942
2462515.25,-722688.0168021481,19290.23906291925,2620.24366258151
2462515.2916666665,-724682.4843806505,-7889.70609878556,-2160.6402593861158
2462515.3333333335,-723550.4267363332,-35035.544376065416,-6932.214044824464
2462515.375,-719292.8953048645,-62029.849359246415,-11673.824559754781
2462515.4166666665,-711897.5108246413,-88753.23180617951,-16364.458976340607
2462515.4583333335,-701338.1983604596,-115081.69455538204,-20982.279662731744
2462515.5,-687574.6238944556,-140883.73230188663,-25504.113894915106
2462515.5416666665,-670551.3090446278,-166016.99332233748,-29904.86620500377
2462515.5833333335,-650196.3871300557,-190324.2697426811,-34156.812289116635
2462515.625,-626419.9500121088,-213628.50019668348,-38228.71883611325
2462515.6666666665,-599111.9221691566,-235726.33660081078,-42084.71039646039
2462515.7083333335,-568139.3902251929,-256379.61531931156,-45682.767226890064
2462515.75,-533343.3228196233,-275303.72905362933,-48972.677586336584
2462515.7916666665,-494534.66239953344,-292151.3225023574,-51893.16721996177
2462515.8333333335,-451489.9190097702,-306488.7498194286,-54367.7557526851
2462515.875,-403946.8012891163,-317760.9786487171,-56298.58191179762
2462515.9166666665,-351601.4841233947,-325237.3783375915,-57556.869758765766
2462515.9583333335,-294111.9368559151,-327924.5490751019,-57967.606914999604
2462516.0,-231119.53830819772,-324419.64646859537,-57283.780992524575
2462516.0416666665,-162324.18079079516,-312650.9877232467,-55140.85663528177
2462516.0833333335,-87721.71311761365,-289396.7033935604,-50972.40565894572
2462516.125,-8372.725600049853,-249374.43377129352,-43850.89480669444
2462516.1666666665,70949.98611851453,-183776.45064818012,-32232.9953502589
2462516.2083333335,133123.2421084921,-81204.27737232155,-14133.184924653151
2462516.25,140353.10403713994,49564.35347929679,8864.70126886084
2462516.2916666665,84180.94711747581,160689.88369295097,28341.00544599018
2462516.3333333335,2852.1390412406327,231372.77931979913,40680.13094570641
2462516.375,-80106.79152154883,272383.47768430016,47800.89616053374
2462516.4166666665,-157908.1740493592,294290.79993507423,51568.67498903477
2462516.4583333335,-229088.64350435897,303474.4653313138,53106.63957207846
2462516.5,-293647.28442250256,303742.10524360905,53084.19638199037
2462516.5416666665,-351963.98493803706,297486.26661834435,51921.5598554443
2462516.5833333335,-404483.8223927969,286295.161914652,49897.46680396054
2462516.625,-451623.7389707775,271275.26991894084,47205.99284777622
2462516.6666666665,-493748.50109752297,253229.87524882052,43987.96712313856
2462516.7083333335,-531168.8956848909,232763.12680936692,40349.268625890894
2462516.75,-564146.6431027104,210343.6669020456,36372.00746251955
2462516.7916666665,-592900.7256886949,186345.23853027666,32121.657112061454
2462516.8333333335,-617613.3587780691,161073.60723206226,27651.78101871257
2462516.875,-638435.0921581006,134785.03883269173,23007.275552210198
2462516.9166666665,-655488.977938825,107699.40165233467,18226.668883062877
2462516.9583333335,-668873.8873007902,80009.76041005061,13343.803964129344
2462517.0,-678667.0923417882,51889.6406033489,8389.112736115147
2462517.0416666665,-684926.2223644379,23498.735722437712,3390.6172299622026
2462517.0833333335,-687690.6841662049,-5012.415301045339,-1625.2498054010541
2462517.125,-686982.6135971196,-33498.40151549414,-6632.938205691585
2462517.1666666665,-682807.404316499,-61815.273129525405,-11607.136490088105
2462517.2083333335,-675153.8400578178,-89816.98990652534,-16522.147787679834
2462517.25,-663993.8385351739,-117351.75537003885,-21351.245265187743
2462517.2916666665,-649281.7978632872,-144257.99427368672,-26065.96440023746
2462517.3333333335,-630953.5196406085,-170359.68681525055,-30635.281695265443
2462517.375,-608924.666904421,-195460.68928772828,-35024.61467939702
2462517.4166666665,-583088.7017326923,-219337.52909486447,-39194.553107687825
2462517.4583333335,-553314.2414852778,-241729.92902713412,-43099.19029255788
2462517.5,-519441.78765787906,-262327.93112415733,-46683.8559094573
2462517.5416666665,-481279.8491204515,-280753.84332394693,-49881.93792568136
2462517.5833333335,-438600.680575587,-296536.1117786666,-52610.2845618657
2462517.625,-391136.3840153164,-309070.21382319153,-54762.32477373019
2462517.6666666665,-338577.4886891094,-317557.9229857672,-56197.389087063
2462517.7083333335,-280579.74662453606,-320909.01220537774,-56723.43577421992
2462517.75,-216794.92630081123,-317574.6681243377,-56067.79754072012
2462517.7916666665,-146971.23350314342,-305250.91332832654,-53825.15062953749
2462517.8333333335,-71265.79462678966,-280327.00655286567,-49360.88053230821
2462517.875,8743.427563915178,-236861.1195990285,-41632.10246354434
2462517.9166666665,86591.48842505054,-165161.8717418264,-28942.06506236044
2462517.9583333335,140610.8391040258,-55032.659244646995,-9521.771031472555
2462518.0,132857.37550567783,75233.5061335324,13371.378036572523
2462518.0416666665,67738.8583279387,177191.58652411948,31225.24300844367
2462518.0833333335,-15731.45906401731,239422.7227346215,42074.84931398138
2462518.125,-98419.8157955122,274030.0225391116,48068.856419737596
2462518.1666666665,-175099.69153054064,290799.58838819363,50933.4161678517
2462518.2083333335,-244747.2801278096,295579.87785974616,51697.834713821874
2462518.25,-307492.3836144804,291900.6197183179,50982.51269786007
2462518.2916666665,-363755.41646215157,282008.48137183767,49181.963531560206
2462518.3333333335,-413992.79508137575,267412.39060944127,46560.96257352906
2462518.375,-458622.3444602306,249174.7203689458,43305.82104382906
2462518.4166666665,-498005.4760279211,228074.4153733329,39553.08446975652
2462518.4583333335,-532447.5309373135,204703.15078765395,35406.43781149353
2462518.5,-562203.4088107436,179524.74601509544,30947.144756916186
2462518.5416666665,-587484.0755366858,152913.4641834189,26240.77396363561
2462518.5833333335,-608462.4982997215,125179.67315541819,21341.703952451317
2462518.625,-625278.6141594471,96587.67642361303,16296.252432281404
2462518.6666666665,-638043.3103470734,67368.55940778392,11144.93034815709
2462518.7083333335,-646841.5105286095,37729.80496959699,5924.128887223195
2462518.75,-651734.4819404404,7862.805381307405,667.4374982429631
2462518.7916666665,-652761.4648971169,-22050.969078060258,-4593.273537562931
2462518.8333333335,-649940.7022276402,-51834.59976349376,-9826.910225330834
2462518.875,-643269.9203880978,-81310.72250623444,-15002.276991923674
2462518.9166666665,-632726.2891654598,-110296.53333450346,-20087.1987559875
2462518.9583333335,-618265.8637723868,-138598.4289597002,-25047.57821337849
2462519.0,-599822.4921721248,-166005.8643306546,-29846.31487736611
2462519.0416666665,-577306.1531429099,-192283.89699298682,-34441.99260260065
2462519.0833333335,-550600.6813756916,-217163.68558502095,-38787.206724834046
2462519.125,-519560.8463999945,-240329.8654070456,-42826.341408754044
2462519.1666666665,-484008.8107041218,-261403.13989772447,-46492.50516432164
2462519.2083333335,-443730.1678640861,-279915.41775304376,-49703.15526648513
2462519.25,-398470.2241178761,-295273.0295940535,-52353.62658182941
2462519.2916666665,-347932.37411396444,-306700.24311796046,-54307.19877907959
2462519.3333333335,-291783.51720427704,-313148.92126917094,-55379.218572960686
2462519.375,-229679.88488095548,-313147.3921171763,-55310.55670524833
2462519.4166666665,-161351.10580912905,-304535.15829440707,-53721.057549624034
2462519.4583333335,-86857.51729417044,-283975.99552456895,-50024.21641708671
2462519.5,-7403.013660298258,-246054.73807114828,-43269.27420079376
2462519.5416666665,71939.55760648585,-181892.91395461792,-31900.827999789388
2462519.5833333335,133664.44886201253,-80398.27377273074,-13987.977594626036
2462519.625,140245.2144092058,49129.61043796872,8792.794258170396
2462519.6666666665,83144.88633109807,158855.91120682962,28021.765222054284
2462519.7083333335,455.76379997818174,227259.92841734333,39957.22920495812
2462519.75,-83610.37557925076,264941.2730214305,46489.53072472896
2462519.7916666665,-161908.46481322352,282786.49374594016,49540.623997107
2462519.8333333335,-232885.92128266627,287453.0319526855,50282.731411239474
2462519.875,-296542.6456728687,282934.3016053174,49417.97258290109
2462519.9166666665,-353282.73753956327,271746.26289270207,47388.253246839704
2462519.9583333335,-403577.67144566734,255562.96502203748,44487.37810126446
2462520.0,-447866.58454186557,235554.25506300814,40920.537715664745
2462520.0416666665,-486530.6265071709,212573.25553448807,36837.30010734072
2462520.0833333335,-519891.05421100976,187265.87431118745,32350.867587260404
2462520.125,-548214.4507140584,160137.9369383625,27549.8746583609
2462520.1666666665,-571719.3909728549,131598.20127928685,22505.943763948148
2462520.2083333335,-590582.6553018634,101987.075385572,17278.727756055825
2462520.25,-604944.4398688127,71596.57093873242,11919.412431872759
2462520.2916666665,-614912.4899986798,40684.750875665944,6473.252174639714
2462520.3333333335,-620565.2349842263,9486.678807865594,981.4916047032336
2462520.375,-621954.0349139355,-21776.82947144726,-4517.098254486148
2462520.4166666665,-619104.6378831157,-52891.755504907,-9984.911706720486
2462520.4583333335,-612017.9195678934,-83644.05416898841,-15384.30948500353
2462520.5,-600669.9479044151,-113812.8850521667,-20676.42885542853
2462520.5416666665,-585011.3881727896,-143163.34009888,-25819.904429352777
2462520.5833333335,-564966.2413465334,-171438.0324073505,-30769.388001985284
2462520.625,-540429.8966129853,-198346.72800906943,-35473.72353421432
2462520.6666666665,-511266.4903572701,-223552.86354742275,-39873.57381615853
2462520.7083333335,-477305.62954272184,-246655.2000722272,-43898.1912089945
2462520.75,-438338.7319067143,-267161.8270876826,-47460.84290364253
2462520.7916666665,-394115.742590762,-284451.8792636849,-50452.07610892586
2462520.8333333335,-344344.2774613546,-297716.9068938732,-52729.408443581684
2462520.875,-288696.58723759843,-305867.2689855468,-54100.876931336774
2462520.9166666665,-226838.79268914222,-307375.7851957563,-54297.57994082066
2462520.9583333335,-158523.02649108198,-300003.88269007555,-52925.628067403464
2462521.0,-83865.41099545732,-280301.1517917975,-49378.45990870358
2462521.0416666665,-4215.922086221993,-242687.2917676539,-42676.38707768234
2462521.0833333335,74957.74294668868,-178106.486098281,-31233.19743450384
2462521.125,135261.42810619815,-75734.79163575833,-13166.155464114889
2462521.1666666665,139037.1384288808,53396.12142821309,9543.179328641094
2462521.2083333335,79840.27310295249,161016.14710020696,28400.266392920355
2462521.25,-3852.115998008907,226935.76594311267,39897.874660103604
2462521.2916666665,-88314.81860407993,262052.6505884329,45978.39665268673
2462521.3333333335,-166564.7102513195,277267.5944311733,48566.07852613081
2462521.375,-237103.34149542957,279260.45299104933,48836.84172118668
2462521.4166666665,-299958.8876327309,272052.0494954736,47497.53108001758
2462521.4583333335,-355553.4800317463,258184.0787078394,44994.81645234856
2462521.5,-404370.8102553155,239354.00699633587,41626.97020316768
2462521.5416666665,-446858.35226989916,216752.8959714549,37603.14177996498
2462521.5833333335,-483402.2691079823,191253.37259067094,33076.438046573676
2462521.625,-514325.70461989497,163519.96973259866,28163.384247177826
2462521.6666666665,-539894.1551008493,134077.1085020407,22955.906339267334
2462521.7083333335,-560322.2365876997,103352.895495582,17529.040362985943
2462521.75,-575779.9234404052,71708.59089422048,11946.114019530396
2462521.7916666665,-586397.6970632465,39459.341009013886,6262.389710749037
2462521.8333333335,-592270.5258708162,6889.50077258797,527.756005928196
2462521.875,-593460.7501247039,-25735.37072990773,-5211.165376341243
2462521.9166666665,-589999.974413523,-58158.447532582075,-10909.25166056928
2462521.9583333335,-581890.0555042003,-90122.48335568026,-16521.27013264577
2462522.0,-569103.2454042869,-121360.71214393296,-22000.277861619463
2462522.0416666665,-551581.5227793664,-151586.96273614131,-27295.882328452888
2462522.0833333335,-529235.1306715896,-180484.0158809861,-32352.19205671995
2462522.125,-501940.3507519984,-207688.9156447309,-37105.230755128956
2462522.1666666665,-469536.61906915973,-232773.3527311595,-41479.484009844906
2462522.2083333335,-431823.30814082595,-255216.17121405658,-45383.06033556014
2462522.25,-388557.067866398,-274363.1272301084,-48700.610855178355
2462522.2916666665,-339452.0498974749,-289365.4651287882,-51282.52688898871
2462522.3333333335,-284189.0270618922,-299082.03467897093,-52927.73569187269
2462522.375,-222449.35834630666,-301916.0453011756,-53355.02933608459
2462522.4166666665,-154018.38185933305,-295529.76499774784,-52153.0076266327
2462522.4583333335,-79092.44806677348,-276325.8079180431,-48689.20564587435
2462522.5,770.0119148561209,-238509.58816968676,-41946.303905036475
2462522.5416666665,79536.79280023985,-172805.47644358856,-30299.929162668235
2462522.5833333335,137563.12088324802,-68853.68613210974,-11950.75096988294
2462522.625,137216.2554801767,59779.28076925996,10671.81125486914
2462522.6666666665,75231.23795049654,164500.4391993348,29017.76197757407
2462522.7083333335,-9551.615290262715,227266.1926769023,39958.48206105416
2462522.75,-94293.00441099415,259372.4099547101,45506.963612324456
2462522.7916666665,-172313.4006586703,271652.20880312385,47576.19734574708
2462522.8333333335,-242204.92587732596,270753.49447881547,47337.018570123575
2462522.875,-304032.73960195656,260697.77073263927,45496.63864510887
2462522.9166666665,-358239.8962747992,244039.15371134476,42503.750249250996
2462522.9583333335,-405323.31410624273,222490.5314885837,38659.027638678934
2462523.0,-445738.06625296356,197259.34584085626,34174.29279840776
2462523.0416666665,-479873.4433727025,169235.51167104903,29205.593065438392
2462523.0833333335,-508051.9530334374,139102.04691971463,23872.65876464036
2462523.125,-530535.0272396933,107403.51015680957,18270.93273685739
2462523.1666666665,-547529.8838449288,74590.40676590758,12479.373416121674
2462523.2083333335,-559195.6897093422,41049.41451577369,6565.7692327941495
2462523.25,-565648.5046037377,7125.0348843974025,590.5575451476527
2462523.2916666665,-566964.9886841039,-26863.961260565928,-5390.252491907184
2462523.3333333335,-563185.0537593362,-60611.059801656564,-11322.6747097785
2462523.375,-554313.5514739535,-93809.74937073716,-17152.607465939527
2462523.4166666665,-540320.7599262113,-126141.1162891948,-22823.742802739158
2462523.4583333335,-521141.530284834,-157260.34853790826,-28275.263772909464
2462523.5,-496673.45804216625,-186780.927936873,-33439.053516984204
2462523.5416666665,-466774.4689862146,-214254.40164169596,-38236.09377636273
2462523.5833333335,-431260.1309657998,-239142.6245480187,-42571.55112041338
2462523.625,-389901.50246060704,-260777.67388777732,-46327.711874531364
2462523.6666666665,-342425.7654677574,-278301.2927918418,-49353.32860454983
2462523.7083333335,-288525.4507766907,-290569.2341522453,-51446.80703616738
2462523.75,-227891.47980310587,-295993.0509886794,-52328.42096392358
2462523.7916666665,-160311.99476837314,-292265.96667561453,-51592.21900705834
2462523.8333333335,-85961.3950010122,-275868.85730989143,-48619.48779715341
2462523.875,-6280.85828818655,-241182.3777877711,-42423.66027406147
2462523.9166666665,73186.35474367744,-179234.65203596305,-31433.495510737233
2462523.9583333335,134380.5191160365,-79413.74788033756,-13804.436705809847
2462524.0,140202.24932942685,48258.791168568685,8656.242167886776
2462524.0416666665,81911.90353600883,156008.347994849,27535.824773465854
2462524.0833333335,-2694.2351024182735,221130.33688934927,38886.7822686255
2462524.125,-88300.33994139257,253879.0494922664,44543.02534529487
2462524.1666666665,-167147.77795536042,265634.83860698156,46515.351952162186
2462524.2083333335,-237517.38270007027,263510.7352871073,46056.796643990325
2462524.25,-299398.39079093124,251811.6768022852,43924.483367352484
2462524.2916666665,-353226.20062316797,233264.52860160614,40597.46800061141
2462524.3333333335,-399508.2452359443,209693.65155359573,36395.998757839305
2462524.375,-438712.6100050133,182383.71123464257,31545.455938605082
2462524.4166666665,-471239.1137363761,152282.35393209424,26212.030356291078
2462524.4583333335,-497416.82105303777,120119.2997902227,20523.670674806766
2462524.5,-517509.4093290337,86479.99483425915,14583.02983943589
2462524.5416666665,-531722.0244881018,51853.5481664426,8475.887420244897
2462524.5833333335,-540207.4815537317,16665.66454951699,2276.933995922241
2462524.625,-543071.1698597586,-18697.287389465408,-3946.0017982897834
2462524.6666666665,-540374.5519283662,-53869.31314989348,-10128.622489990674
2462524.7083333335,-532137.3148956175,-88488.4196664213,-16207.284700924009
2462524.75,-518338.27576036536,-122180.90643036838,-22116.23729868274
2462524.7916666665,-498915.15426306456,-154544.55281559314,-27784.664073436346
2462524.8333333335,-473763.36838557676,-185128.71593039366,-33133.18194456458
2462524.875,-442734.14791312185,-213408.68789673698,-38069.32881660451
2462524.9166666665,-405632.6429081474,-238750.31414706568,-42481.33863122386
2462524.9583333335,-362217.6648815565,-260358.32716303252,-46229.05421298057
2462525.0,-312207.1094366986,-277197.01652348274,-49129.981201819806
2462525.0416666665,-255299.35528012353,-287862.4466091538,-50936.83909306808
2462525.0833333335,-191238.03872960588,-290366.6440698154,-51299.68213384428
2462525.125,-119998.01125729257,-281756.84947806725,-49699.16010330987
2462525.1666666665,-42331.929074811516,-257429.16256859133,-45326.47079896293
2462525.2083333335,38528.826398568955,-209996.73270799065,-36886.369551844786
2462525.25,111510.26733601026,-128749.64499182103,-22508.678435015325
2462525.2916666665,146646.28908275618,-9809.00229941444,-1547.5121345286705
2462525.3333333335,113706.70615194262,112201.70383004083,19871.115154529685
2462525.375,35689.3026282889,195239.17152242022,34380.72146987772
2462525.4166666665,-51687.57889837259,239422.7335800034,42045.55940149197
2462525.4583333335,-134273.53079135474,257562.4817131714,45135.732061128554
2462525.5,-208389.89943948924,258756.9736578679,45255.894458968796
2462525.5416666665,-273487.95235931175,248516.7351676966,43375.8687467237
2462525.5833333335,-329880.6105731746,230261.76066679595,40096.76407472849
2462525.625,-378075.2474239451,206230.8233111775,35811.70919497933
2462525.6666666665,-418572.84021207335,177970.75588921484,30792.1477214185
2462525.7083333335,-451810.47456726205,146605.1721198745,25235.168917910927
2462525.75,-478149.7959107583,112989.25953545664,19290.74570999666
2462525.7916666665,-497879.8557960274,77803.77153972343,13078.261930887806
2462525.8333333335,-511223.62294506514,41615.29675191662,6697.104152069844
2462525.875,-518344.4740956517,4917.258508361444,233.86445808539634
2462525.9166666665,-519351.47115830076,-31840.189058491662,-6232.408118482337
2462525.9583333335,-514303.1239915374,-68226.40491810259,-12626.034187726986
2462526.0,-503209.65232093027,-103809.29173146418,-18871.018870010867
2462526.0416666665,-486033.87719342933,-138134.45611915307,-24887.38778773674
2462526.0833333335,-462690.9604775297,-170701.89914949806,-30587.087254960017
2462526.125,-433047.39195646514,-200937.08385073967,-35868.89456540832
2462526.1666666665,-396920.079108885,-228151.85868877848,-40611.544253606764
2462526.2083333335,-354077.5282172873,-251487.99460014066,-44663.798953524856
2462526.25,-304247.94274923264,-269830.843999762,-47829.2737154208
2462526.2916666665,-247146.41811698413,-281670.36969161953,-49842.02699929106
2462526.3333333335,-182553.5860206041,-284866.3916977452,-50325.36825641466
2462526.375,-110537.67141892454,-276235.20114577294,-48719.42257730093
2462526.4166666665,-32103.200074445827,-250812.90845132057,-44152.36039223866
2462526.4583333335,48802.26236339839,-200708.107847462,-35241.05545586187
2462526.5,119148.53172620194,-115109.91925668345,-20100.003689814544
2462526.5416666665,146406.41429917986,6457.297277579799,1314.6876890696549
2462526.5833333335,105220.03279844201,124444.61475974963,22016.10033876917
2462526.625,23987.057744642094,201050.9208937745,35390.41441700878
2462526.6666666665,-63767.84757667925,239791.5813746493,42096.85907476312
2462526.7083333335,-145604.73283726722,253405.84042800887,44391.19244905712
2462526.75,-218373.8888698985,250633.05974414034,43814.32346567001
2462526.7916666665,-281682.8603165418,236785.54990565137,41301.072732351735
2462526.8333333335,-335893.4885870372,215190.60934436138,37436.25387062828
2462526.875,-381527.3722503771,188048.36014073284,32606.24982309156
2462526.9166666665,-419086.30186409067,156895.4585973066,27080.760889499066
2462526.9583333335,-449001.47114392434,122861.96249552112,21058.037466667363
2462527.0,-471624.0555938725,86820.8468391937,14691.19481126187
2462527.0416666665,-487228.61201443104,49480.02255569233,8104.400982543836
2462527.0833333335,-496019.53634047665,11442.500860791057,1403.455991223977
2462527.125,-498137.22060473147,-26751.40495758948,-5316.790245590167
2462527.1666666665,-493662.8365810947,-64591.772628567815,-11966.759983963084
2462527.2083333335,-482621.51461495226,-101571.4777443988,-18457.2975758063
2462527.25,-464984.0247516072,-137159.4243052728,-24694.962809192944
2462527.2916666665,-440667.290680444,-170770.96133099322,-30576.828082480406
2462527.3333333335,-409534.41806405946,-201731.17407260285,-35984.02183071994
2462527.375,-371395.72137320566,-229224.8764120998,-40772.93416188219
2462527.4166666665,-326014.194256137,-252223.3034411538,-44762.329865864376
2462527.4583333335,-273123.81985675066,-269369.9800344528,-47713.296819599695
2462527.5,-212482.24024137162,-278793.39157817274,-49296.36206136792
2462527.5416666665,-144016.4656259177,-277784.9185462727,-49035.02375933478
2462527.5833333335,-68234.175683168,-262228.9326792745,-46206.017577188504
2462527.625,12551.78770597829,-225638.738252943,-39671.25401204878
2462527.6666666665,90434.96950324302,-158199.28310318053,-27714.091250765003
2462527.7083333335,142292.59299360676,-51436.72820659356,-8872.451893821135
2462527.75,131604.45127266593,74357.05020554425,13239.807909169405
2462527.7916666665,62650.59173557052,170573.77011675763,30078.398993839477
2462527.8333333335,-25340.844546987148,223579.9741912226,39293.49210395703
2462527.875,-110988.27379921978,245413.8283947419,43028.655048529115
2462527.9166666665,-187996.53849935436,247031.82736423495,43218.696933055595
2462527.9583333335,-255076.120170563,235267.25061629518,41067.06902511804
2462528.0,-312363.4758792839,214331.29165193677,37314.286381419384
2462528.0416666665,-360354.1162050905,186946.99390734264,32438.682496279856
2462528.0833333335,-399580.0737145213,154977.17319449256,26767.248660455454
2462528.125,-430513.76941759,119768.18816085557,20536.21594865749
2462528.1666666665,-453544.085315654,82346.20538753815,13925.603852590553
2462528.2083333335,-468975.49395550153,43535.65807625425,7080.055486869238
2462528.25,-477033.67636986234,4035.4310262051,122.22967957872618
2462528.2916666665,-477871.91476411256,-35528.280521108216,-6837.910376357701
2462528.3333333335,-471576.3727468917,-74561.59214103153,-13696.00198118383
2462528.375,-458169.7997789528,-112468.10067556042,-20347.161725295977
2462528.4166666665,-437613.81646096957,-148614.32166070715,-26679.909322032232
2462528.4583333335,-409810.413552233,-182290.25480130603,-32569.2332262176
2462528.5,-374604.08579295233,-212658.65831285968,-37867.67041681461
2462528.5416666665,-331787.8150284769,-238683.37391829514,-42392.705106760026
2462528.5833333335,-281120.5505678722,-259020.39911291236,-45907.62790148233
2462528.625,-222375.39446251147,-271842.21255561156,-48090.69171134404
2462528.6666666665,-155469.83737537853,-274540.0198648498,-48482.89678401674
2462528.7083333335,-80825.8024917935,-263202.4014432374,-46396.73235396519
2462528.75,-418.30426155145466,-231729.105981659,-40761.59186902282
2462528.7916666665,79027.73775558636,-170807.53482972927,-29947.678144147827
2462528.8333333335,137470.73943673735,-70846.7956757265,-12292.649550558544
2462528.875,138092.84367040804,54625.76577786222,9778.685481615823
2462528.9166666665,75447.28449863914,157191.9720791625,27742.871421354048
2462528.9583333335,-12183.536763316408,215337.80339960102,37862.73774826021
2462529.0,-99310.49531545045,239546.33087631006,42013.636541800166
2462529.0416666665,-177872.86221582483,241670.90887490334,42290.491105662775
2462529.0833333335,-246063.4892335258,229302.6788923921,40030.803661656784
2462529.125,-303889.20906801004,207114.61884816468,36056.54037389987
2462529.1666666665,-351829.4909653981,178111.05514701465,30895.571901344425
2462529.2083333335,-390430.8198731562,144337.03598411713,24906.95141240139
2462529.25,-420184.45837063354,107267.0475352258,18349.440128543007
2462529.2916666665,-441494.18778854364,68026.15066147524,11420.444868866876
2462529.3333333335,-454672.9128135119,27523.173962149926,4279.450779548181
2462529.375,-459947.6661947223,-13463.323991194726,-2936.8641696840664
2462529.4166666665,-457465.9871862488,-54224.56608166432,-10103.997182274406
2462529.4583333335,-447301.38690260093,-94073.92944293196,-17101.24979781444
2462529.5,-429457.44340876903,-132303.7982666292,-23804.14336338804
2462529.5416666665,-403871.016763257,-168139.96783521058,-30076.40262263858
2462529.5833333335,-370416.0826268378,-200686.05878250324,-35760.18277630863
2462529.625,-328911.6541163763,-228847.48208560937,-40662.70441865292
2462529.6666666665,-279141.9809684676,-251217.963852198,-44536.31767116779
2462529.7083333335,-220909.4080378973,-265898.45371418836,-47046.712562068584
2462529.75,-154173.95967047202,-270192.5467693904,-47719.51470882529
2462529.7916666665,-79434.04644521052,-260077.84062592263,-45847.76518742708
2462529.8333333335,1176.9554055344463,-229321.96384400653,-40337.782812512894
2462529.875,80594.14381434914,-168528.01251009176,-29545.33580996209
2462529.9166666665,138225.35979408756,-68411.49099203777,-11862.735059171997
2462529.9583333335,137340.92798219225,56517.216475503774,10112.006748063135
2462530.0,73446.75369261805,157645.97786064717,27822.062204101498
2462530.0416666665,-14973.565547624006,213853.68127269496,37599.68501798303
2462530.0833333335,-102412.28592636304,235745.21942734494,41341.76454325484
2462530.125,-180756.356061095,235309.67900987118,41166.88236004506
2462530.1666666665,-248187.84595789577,220268.0144152926,38434.50200098022
2462530.2083333335,-304725.47764710156,195396.35411783372,33982.489437738135
2462530.25,-350868.7571212312,163782.11237288394,28347.0056961723
2462530.2916666665,-387191.9619031901,127537.60371167994,21878.71130907186
2462530.3333333335,-414201.9643291343,88163.6278986711,14816.702001140975
2462530.375,-432273.5468002292,46821.87447267982,7394.3117538000215
2462530.4166666665,-441701.31331743073,4508.86287963026,-185.99329617522844
2462530.4583333335,-442702.7891611973,-37907.47933593868,-7765.319954571392
2462530.5,-435411.61878687626,-79621.87920814448,-15199.633484613874
2462530.5416666665,-419882.5976582267,-119831.66267275217,-22345.763575147754
2462530.5833333335,-396097.3112598215,-157681.10488732002,-29050.97871714746
2462530.625,-363970.72923853877,-192198.89751874233,-35141.74998752917
2462530.6666666665,-323362.6105780125,-222216.5037287737,-40409.187876602504
2462530.7083333335,-274102.8729270349,-246249.5085690845,-44587.91902566398
2462530.75,-216053.27941767548,-262311.48995111656,-47323.002304598005
2462530.7916666665,-149263.68498218697,-267605.649481737,-48115.242201530076
2462530.8333333335,-74385.99641285252,-258000.1030246067,-46228.484066177
2462530.875,6165.137096996755,-227183.86252969695,-40541.65724736504
2462530.9166666665,84841.5977040192,-165896.11122673715,-29419.0495409589
2462530.9583333335,140689.9157518529,-65705.02369499726,-11404.054941186667
2462531.0,138211.40848816157,57938.85004959907,10662.847154587827
2462531.0416666665,73854.5762293827,157611.02676290894,28307.231706330527
2462531.0833333335,-14899.460643474133,212539.8579121124,37907.6557577659
2462531.125,-102635.00429563104,232824.61008777237,41325.80269691789
2462531.1666666665,-180980.18605147922,230411.30114121322,40713.62043981966
2462531.2083333335,-247976.66706998812,213144.09625982778,37475.973723312716
2462531.25,-303588.3549006448,185925.63004826065,32488.16745493984
2462531.2916666665,-348292.8246553372,151946.0004008536,26318.600157178244
2462531.3333333335,-382644.51986595965,113405.26535363948,19358.752095708453
2462531.375,-407139.8651604576,71917.30279250907,11895.593197267506
2462531.4166666665,-422180.04710411717,28743.714694111823,4153.425133066717
2462531.4583333335,-428065.7635652657,-15061.718551499054,-3680.318934402925
2462531.5,-425001.7301516211,-58555.64933641291,-11437.69923914799
2462531.5416666665,-413103.4501838651,-100831.18930694458,-18957.07962673287
2462531.5833333335,-392404.29625959473,-140952.3334021514,-26071.437667505674
2462531.625,-362863.7378978803,-177884.81745036668,-32596.040839900532
2462531.6666666665,-324380.34115969116,-210410.53577757167,-38313.19907850329
2462531.7083333335,-276818.45613461005,-237007.46041566832,-42950.890699616946
2462531.75,-220070.32336148797,-255665.31633335425,-46150.00215460139
2462531.7916666665,-154209.57692445614,-263584.6238404767,-47410.95943669106
2462531.8333333335,-79890.79209909451,-256670.25989384597,-46004.249522230544
2462531.875,548.3119462557435,-228721.86812789115,-40828.456331687354
2462531.9166666665,79930.17857045909,-170661.5144230038,-30279.714372428225
2462531.9583333335,138415.400924291,-73744.81106520619,-12843.092448248397
2462532.0,140723.13786346823,49128.28073716168,9096.699363886166
2462532.0416666665,79313.8333996171,151167.01448702527,27169.39747386668
2462532.0833333335,-9403.142079534873,208019.0488339231,37112.29860908574
2462532.125,-98010.77780476832,228652.39405259944,40589.943456878114
2462532.1666666665,-177072.56522002912,225451.97819619247,39835.105244462364
2462532.2083333335,-244292.21947902668,206731.5727807392,36337.234857397125
2462532.25,-299546.8102715496,177707.06047317115,31027.7287631438
2462532.2916666665,-343303.23205874383,141774.1412966591,24511.68799265272
2462532.3333333335,-376125.1136393316,101278.13766648133,17206.479986026578
2462532.375,-398519.6541822512,57947.01190543622,9419.39265478951
2462532.4166666665,-410894.500121554,13143.189876663075,1392.6891503965835
2462532.4583333335,-413550.8484248212,-31979.555667962268,-6668.369027132234
2462532.5,-406687.98558512726,-76368.19352371598,-14576.26773865655
$$END
